2006
2012
2012
2012
?
1986
1978
1983
1952
1978
1990
1986
1990
?
1988
1986
1964
?
1972
1973
1993
1978
1988
?
1984
1988
2011
1982
?
1984
1965
1972
1959
1971
1987
1979
1983
?
?
?
?
1978
1981
1939
1978
1980
1973
1983
1968
1983
1968
1982
1989
1967
1982
?
1956
1989
?
1928
1980
1975
1973
1973
?
1957
?
?
?
1982
1973
1985
1976
1972
1995
1982
1962
1994
1978
1987
1979
1976
1975
?
1971
1970
1983
1968
1976
1988
1984
1978
1994
1974
1972
1982
1984
1988
1987
1985
1953?
1981
?
1965
1989
1989
1990
1987
1889
?
1971
2002
?
?
1972
1988
1987
1977
1997
?
1926
1984
1983
1980
1974
1969
1980
?
1986
?
1950
1951
1986
?
1978
2006
?
1927
1927
1927
1965
1927
1927
1927
1927
1981
1927
1975
1927
1927
1927
1927
1927
1927
1927
1927
1927
1981
1955
1984
1896
?
1987
1998
1976
1982
1944
1926
?
1990
1990
1984
1976
1983
1993
1968
?

?
?
?
1946
1940
1978
1985
1971
1977
1975
1969
?
?
1967
2003
1969
1978
1956
1955
?
1972
1975
1977
1956
1996
?
?
1979
1986
1983
1990
1972
1987
1934
1984
?
1989
?
1979
1969
1980
1988
1999
1941
1987
1986
1987
1986
1982
1979
1985
1989
1953
1962
1972
1955
1972
1993
?
?
?
1966
1945
?
1935
1939
1939
1939
1939
1939
1939
1939
1939
1939
1939
1981
2005
1982
?
1990
1990
?
1997
?
1982
2006
1985
?
1990
1974
1982
2009
?
2009
1938
2000
1989
1998
